598470
883948
625803
414473
813593
964780
531257
465747
413801
496752
318139
897468
609858
909751
992505
755679
343411
338671
150751
392770
699218
885073
517417
558141
100804
563601
523626
356785
586600
496610
307592
553716
331046
909403
391403
146907
440111
256587
654871
605128
574071
951641
802457
688303
997507
414983
283593
137668
904113
831393
800575
987716
551972
283367
519596
874510
571716
617747
783026
152661
178976
386357
625394
704640
293255
484719
181041
415325
805279
807189
731023
186255
125337
648810
757947
362556
817122
752069
110600
260693
202547
172952
970371
357146
100006
463013
765377
915672
879733
831597
702798
717672
659474
932800
336372
866069
350609
446672
994435
733888
-1