245.75
532.48
117.92
689.21
378.60
814.33
163.45
721.89
449.27
572.14
88.76
296.40
683.18
523.60
195.82
648.75
311.94
457.20
789.36
124.50
874.62
235.15
590.80
396.28
665.90
528.75
299.40
177.65
812.10
445.37
681.20
120.05
548.90
429.60
760.15
312.80
671.45
258.70
643.25
193.10
517.80
365.40
891.20
435.60
564.30
147.85
729.60
372.15
596.80
84.20
268.45
910.25
141.60
625.90
399.20
573.85
334.70
687.40
216.90
481.25
743.60
358.90
625.15
192.30
522.80
295.10
649.80
413.25
564.75
176.40
821.50
238.65
587.40
370.20
752.10
309.80
684.90
515.75
124.90
847.30
491.60
365.80
598.45
429.75
796.20
241.30
631.75
369.40
502.15
285.60
718.20
432.75
589.10
197.45
547.80
314.20
879.60
126.75
721.40
485.90
-1.00